15 7
15 9
7 9
sale
15 8
9 8
7 8
sale
15 11
9 11
sale
15 13
11 13
sale
15 15
13 15
sale
15 8
15 8
13 8
11 8
9 8
8 8
7 8
sale
15 10
15 10
13 10
11 10
9 10
sale
15 4
15 4
13 4
11 4
10 4
9 4
8 4
8 4
7 4
15 6
15 6
13 6
11 6
10 6
9 6
8 6
8 6
7 6
4 6
sale
15 13
15 13
13 13
11 13
sale
15 10
15 10
13 10
13 10
11 10
10 10
9 10
sale
15 14
15 14
13 14
sale
15 3
15 3
14 3
13 3
13 3
11 3
10 3
10 3
9 3
8 3
8 3
7 3
6 3
4 3
15 4
15 4
14 4
13 4
13 4
11 4
10 4
10 4
9 4
8 4
8 4
7 4
6 4
4 4
3 4
sale
15 4
15 4
14 4
13 4
13 4
11 4
10 4
10 4
9 4
8 4
8 4
7 4
6 4
4 4
4 4
3 4
sale
15 11
15 11
14 11
13 11
13 11
11 11
10 11
sale
15 14
15 14
14 14
13 14
sale
15 9
15 9
14 9
14 9
13 9
13 9
11 9
11 9
10 9
10 9
9 9
8 9
sale
15 10
15 10
14 10
14 10
13 10
13 10
11 10
11 10
10 10
10 10
9 10
sale
15 1
15 1
14 1
14 1
13 1
13 1
11 1
11 1
10 1
10 1
10 1
9 1
9 1
8 1
8 1
7 1
6 1
4 1
4 1
4 1
3 1
15 6
15 6
14 6
14 6
13 6
13 6
11 6
11 6
10 6
10 6
10 6
9 6
9 6
8 6
8 6
7 6
6 6
4 6
sale
15 11
15 11
14 11
14 11
13 11
13 11
11 11
11 11
10 11
sale
15 11
15 11
14 11
14 11
13 11
13 11
11 11
11 11
11 11
10 11
sale
15 12
15 12
14 12
14 12
13 12
13 12
11 12
sale
15 4
15 4
14 4
14 4
13 4
13 4
12 4
11 4
11 4
11 4
11 4
10 4
10 4
10 4
9 4
9 4
8 4
8 4
7 4
6 4
6 4
4 4
4 4
4 4
3 4
sale
15 10
15 10
14 10
14 10
13 10
13 10
12 10
11 10
11 10
11 10
11 10
10 10
10 10
10 10
9 10
sale
15 7
15 7
14 7
14 7
13 7
13 7
12 7
11 7
11 7
11 7
11 7
10 7
10 7
10 7
10 7
9 7
9 7
8 7
8 7
7 7
6 7
sale
15 3
15 3
14 3
14 3
13 3
13 3
12 3
11 3
11 3
11 3
11 3
10 3
10 3
10 3
10 3
9 3
9 3
8 3
8 3
7 3
7 3
6 3
6 3
4 3
4 3
4 3
4 3
3 3
1 3
sale
15 5
15 5
14 5
14 5
13 5
13 5
12 5
11 5
11 5
11 5
11 5
10 5
10 5
10 5
10 5
9 5
9 5
8 5
8 5
7 5
7 5
6 5
6 5
4 5
sale
15 10
15 10
14 10
14 10
13 10
13 10
12 10
11 10
11 10
11 10
11 10
10 10
10 10
10 10
10 10
9 10
sale
15 2
15 2
14 2
14 2
13 2
13 2
12 2
11 2
11 2
11 2
11 2
10 2
10 2
10 2
10 2
10 2
9 2
9 2
8 2
8 2
7 2
7 2
6 2
6 2
5 2
4 2
4 2
4 2
4 2
3 2
3 2
1 2
sale
15 10
15 10
14 10
14 10
13 10
13 10
12 10
11 10
11 10
11 10
11 10
10 10
10 10
10 10
10 10
10 10
9 10
sale
15 6
15 6
14 6
14 6
13 6
13 6
12 6
11 6
11 6
11 6
11 6
10 6
10 6
10 6
10 6
10 6
10 6
9 6
9 6
8 6
8 6
7 6
7 6
6 6
6 6
5 6
sale
15 1
15 1
14 1
14 1
13 1
13 1
12 1
11 1
11 1
11 1
11 1
10 1
10 1
10 1
10 1
10 1
10 1
9 1
9 1
8 1
8 1
7 1
7 1
6 1
6 1
6 1
5 1
4 1
4 1
4 1
4 1
3 1
3 1
2 1
1 1
15 1
15 1
14 1
14 1
13 1
13 1
12 1
11 1
11 1
11 1
11 1
10 1
10 1
10 1
10 1
10 1
10 1
9 1
9 1
8 1
8 1
7 1
7 1
6 1
6 1
6 1
5 1
4 1
4 1
4 1
4 1
3 1
3 1
2 1
1 1
1 1
15 7
15 7
14 7
14 7
13 7
13 7
12 7
11 7
11 7
11 7
11 7
10 7
10 7
10 7
10 7
10 7
10 7
9 7
9 7
8 7
8 7
7 7
7 7
6 7
sale
15 5
15 5
14 5
14 5
13 5
13 5
12 5
11 5
11 5
11 5
11 5
10 5
10 5
10 5
10 5
10 5
10 5
9 5
9 5
8 5
8 5
7 5
7 5
7 5
6 5
6 5
6 5
5 5
4 5
sale
15 3
15 3
14 3
14 3
13 3
13 3
12 3
11 3
11 3
11 3
11 3
10 3
10 3
10 3
10 3
10 3
10 3
9 3
9 3
8 3
8 3
7 3
7 3
7 3
6 3
6 3
6 3
5 3
5 3
4 3
4 3
4 3
4 3
3 3
3 3
2 3
sale
15 12
15 12
14 12
14 12
13 12
13 12
12 12
11 12
sale
15 14
15 14
14 14
14 14
13 14
sale
15 4
15 4
14 4
14 4
14 4
13 4
13 4
12 4
12 4
11 4
11 4
11 4
11 4
10 4
10 4
10 4
10 4
10 4
10 4
9 4
9 4
8 4
8 4
7 4
7 4
7 4
6 4
6 4
6 4
5 4
5 4
4 4
4 4
4 4
4 4
3 4
sale
15 12
15 12
14 12
14 12
14 12
13 12
13 12
12 12
12 12
11 12
sale
15 10
15 10
14 10
14 10
14 10
13 10
13 10
12 10
12 10
12 10
11 10
11 10
11 10
11 10
10 10
10 10
10 10
10 10
10 10
10 10
9 10
sale
15 10
15 10
14 10
14 10
14 10
13 10
13 10
12 10
12 10
12 10
11 10
11 10
11 10
11 10
10 10
10 10
10 10
10 10
10 10
10 10
10 10
9 10
sale
15 9
15 9
14 9
14 9
14 9
13 9
13 9
12 9
12 9
12 9
11 9
11 9
11 9
11 9
10 9
10 9
10 9
10 9
10 9
10 9
10 9
10 9
9 9
9 9
8 9
sale
15 5
15 5
14 5
14 5
14 5
13 5
13 5
12 5
12 5
12 5
11 5
11 5
11 5
11 5
10 5
10 5
10 5
10 5
10 5
10 5
10 5
10 5
9 5
9 5
9 5
8 5
8 5
7 5
7 5
7 5
6 5
6 5
6 5
5 5
5 5
4 5
sale
15 8
15 8
14 8
14 8
14 8
13 8
13 8
12 8
12 8
12 8
11 8
11 8
11 8
11 8
10 8
10 8
10 8
10 8
10 8
10 8
10 8
10 8
9 8
9 8
9 8
8 8
8 8
7 8
sale
15 12
15 12
14 12
14 12
14 12
13 12
13 12
12 12
12 12
12 12
11 12
sale
15 8
15 8
14 8
14 8
14 8
13 8
13 8
12 8
12 8
12 8
12 8
11 8
11 8
11 8
11 8
10 8
10 8
10 8
10 8
10 8
10 8
10 8
10 8
9 8
9 8
9 8
8 8
8 8
8 8
7 8
sale
15 12
15 12
14 12
14 12
14 12
13 12
13 12
12 12
12 12
12 12
12 12
11 12
sale
15 8
15 8
14 8
14 8
14 8
13 8
13 8
12 8
12 8
12 8
12 8
12 8
11 8
11 8
11 8
11 8
10 8
10 8
10 8
10 8
10 8
10 8
10 8
10 8
9 8
9 8
9 8
8 8
8 8
8 8
8 8
7 8
sale
15 7
15 7
14 7
14 7
14 7
13 7
13 7
12 7
12 7
12 7
12 7
12 7
11 7
11 7
11 7
11 7
10 7
10 7
10 7
10 7
10 7
10 7
10 7
10 7
9 7
9 7
9 7
8 7
8 7
8 7
8 7
8 7
7 7
7 7
7 7
6 7
sale
15 2
15 2
14 2
14 2
14 2
13 2
13 2
12 2
12 2
12 2
12 2
12 2
11 2
11 2
11 2
11 2
10 2
10 2
10 2
10 2
10 2
10 2
10 2
10 2
9 2
9 2
9 2
8 2
8 2
8 2
8 2
8 2
7 2
7 2
7 2
7 2
6 2
6 2
6 2
5 2
5 2
5 2
4 2
4 2
4 2
4 2
4 2
3 2
3 2
3 2
2 2
1 2
sale
15 9
15 9
14 9
14 9
14 9
13 9
13 9
12 9
12 9
12 9
12 9
12 9
11 9
11 9
11 9
11 9
10 9
10 9
10 9
10 9
10 9
10 9
10 9
10 9
9 9
9 9
9 9
8 9
sale
15 12
15 12
14 12
14 12
14 12
13 12
13 12
12 12
12 12
12 12
12 12
12 12
11 12
sale
15 4
15 4
14 4
14 4
14 4
13 4
13 4
12 4
12 4
12 4
12 4
12 4
12 4
11 4
11 4
11 4
11 4
10 4
10 4
10 4
10 4
10 4
10 4
10 4
10 4
9 4
9 4
9 4
9 4
8 4
8 4
8 4
8 4
8 4
7 4
7 4
7 4
7 4
6 4
6 4
6 4
5 4
5 4
5 4
4 4
4 4
4 4
4 4
4 4
3 4
sale
15 4
15 4
14 4
14 4
14 4
13 4
13 4
12 4
12 4
12 4
12 4
12 4
12 4
11 4
11 4
11 4
11 4
10 4
10 4
10 4
10 4
10 4
10 4
10 4
10 4
9 4
9 4
9 4
9 4
8 4
8 4
8 4
8 4
8 4
7 4
7 4
7 4
7 4
6 4
6 4
6 4
5 4
5 4
5 4
4 4
4 4
4 4
4 4
4 4
4 4
3 4
sale
15 4
15 4
14 4
14 4
14 4
13 4
13 4
12 4
12 4
12 4
12 4
12 4
12 4
11 4
11 4
11 4
11 4
10 4
10 4
10 4
10 4
10 4
10 4
10 4
10 4
9 4
9 4
9 4
9 4
8 4
8 4
8 4
8 4
8 4
7 4
7 4
7 4
7 4
6 4
6 4
6 4
5 4
5 4
5 4
4 4
4 4
4 4
4 4
4 4
4 4
4 4
3 4
sale
15 5
15 5
14 5
14 5
14 5
13 5
13 5
12 5
12 5
12 5
12 5
12 5
12 5
11 5
11 5
11 5
11 5
10 5
10 5
10 5
10 5
10 5
10 5
10 5
10 5
9 5
9 5
9 5
9 5
8 5
8 5
8 5
8 5
8 5
7 5
7 5
7 5
7 5
6 5
6 5
6 5
5 5
5 5
5 5
4 5
sale
15 10
15 10
14 10
14 10
14 10
13 10
13 10
12 10
12 10
12 10
12 10
12 10
12 10
11 10
11 10
11 10
11 10
10 10
10 10
10 10
10 10
10 10
10 10
10 10
10 10
9 10
sale
15 8
15 8
14 8
14 8
14 8
13 8
13 8
12 8
12 8
12 8
12 8
12 8
12 8
11 8
11 8
11 8
11 8
10 8
10 8
10 8
10 8
10 8
10 8
10 8
10 8
10 8
9 8
9 8
9 8
9 8
8 8
8 8
8 8
8 8
8 8
7 8
sale
15 7
15 7
14 7
14 7
14 7
13 7
13 7
12 7
12 7
12 7
12 7
12 7
12 7
11 7
11 7
11 7
11 7
10 7
10 7
10 7
10 7
10 7
10 7
10 7
10 7
10 7
9 7
9 7
9 7
9 7
8 7
8 7
8 7
8 7
8 7
8 7
7 7
7 7
7 7
7 7
6 7
sale
15 14
15 14
14 14
14 14
14 14
13 14
sale
15 8
15 8
14 8
14 8
14 8
14 8
13 8
13 8
12 8
12 8
12 8
12 8
12 8
12 8
11 8
11 8
11 8
11 8
10 8
10 8
10 8
10 8
10 8
10 8
10 8
10 8
10 8
9 8
9 8
9 8
9 8
8 8
8 8
8 8
8 8
8 8
8 8
7 8
sale
15 8
15 8
14 8
14 8
14 8
14 8
13 8
13 8
12 8
12 8
12 8
12 8
12 8
12 8
11 8
11 8
11 8
11 8
10 8
10 8
10 8
10 8
10 8
10 8
10 8
10 8
10 8
9 8
9 8
9 8
9 8
8 8
8 8
8 8
8 8
8 8
8 8
8 8
7 8
sale
15 8
15 8
14 8
14 8
14 8
14 8
13 8
13 8
12 8
12 8
12 8
12 8
12 8
12 8
11 8
11 8
11 8
11 8
10 8
10 8
10 8
10 8
10 8
10 8
10 8
10 8
10 8
9 8
9 8
9 8
9 8
8 8
8 8
8 8
8 8
8 8
8 8
8 8
8 8
7 8
sale
15 14
15 14
14 14
14 14
14 14
14 14
13 14
sale
15 8
15 8
14 8
14 8
14 8
14 8
14 8
13 8
13 8
12 8
12 8
12 8
12 8
12 8
12 8
11 8
11 8
11 8
11 8
10 8
10 8
10 8
10 8
10 8
10 8
10 8
10 8
10 8
9 8
9 8
9 8
9 8
8 8
8 8
8 8
8 8
8 8
8 8
8 8
8 8
8 8
7 8
sale
15 2
15 2
14 2
14 2
14 2
14 2
14 2
13 2
13 2
12 2
12 2
12 2
12 2
12 2
12 2
11 2
11 2
11 2
11 2
10 2
10 2
10 2
10 2
10 2
10 2
10 2
10 2
10 2
9 2
9 2
9 2
9 2
8 2
8 2
8 2
8 2
8 2
8 2
8 2
8 2
8 2
8 2
7 2
7 2
7 2
7 2
7 2
6 2
6 2
6 2
5 2
5 2
5 2
5 2
4 2
4 2
4 2
4 2
4 2
4 2
4 2
4 2
3 2
3 2
3 2
2 2
2 2
1 2
sale
15 14
15 14
14 14
14 14
14 14
14 14
14 14
13 14
sale
15 2
15 2
14 2
14 2
14 2
14 2
14 2
14 2
13 2
13 2
12 2
12 2
12 2
12 2
12 2
12 2
11 2
11 2
11 2
11 2
10 2
10 2
10 2
10 2
10 2
10 2
10 2
10 2
10 2
9 2
9 2
9 2
9 2
8 2
8 2
8 2
8 2
8 2
8 2
8 2
8 2
8 2
8 2
7 2
7 2
7 2
7 2
7 2
6 2
6 2
6 2
5 2
5 2
5 2
5 2
4 2
4 2
4 2
4 2
4 2
4 2
4 2
4 2
3 2
3 2
3 2
2 2
2 2
2 2
1 2
sale
15 3
15 3
14 3
14 3
14 3
14 3
14 3
14 3
13 3
13 3
12 3
12 3
12 3
12 3
12 3
12 3
11 3
11 3
11 3
11 3
10 3
10 3
10 3
10 3
10 3
10 3
10 3
10 3
10 3
9 3
9 3
9 3
9 3
8 3
8 3
8 3
8 3
8 3
8 3
8 3
8 3
8 3
8 3
7 3
7 3
7 3
7 3
7 3
6 3
6 3
6 3
5 3
5 3
5 3
5 3
4 3
4 3
4 3
4 3
4 3
4 3
4 3
4 3
3 3
3 3
3 3
2 3
sale
15 3
15 3
14 3
14 3
14 3
14 3
14 3
14 3
13 3
13 3
12 3
12 3
12 3
12 3
12 3
12 3
11 3
11 3
11 3
11 3
10 3
10 3
10 3
10 3
10 3
10 3
10 3
10 3
10 3
9 3
9 3
9 3
9 3
8 3
8 3
8 3
8 3
8 3
8 3
8 3
8 3
8 3
8 3
7 3
7 3
7 3
7 3
7 3
6 3
6 3
6 3
5 3
5 3
5 3
5 3
4 3
4 3
4 3
4 3
4 3
4 3
4 3
4 3
3 3
3 3
3 3
3 3
2 3
sale
15 15
15 15
14 15
sale
15 13
15 13
15 13
14 13
14 13
14 13
14 13
14 13
14 13
13 13
13 13
12 13
sale
15 7
15 7
15 7
14 7
14 7
14 7
14 7
14 7
14 7
13 7
13 7
13 7
12 7
12 7
12 7
12 7
12 7
12 7
11 7
11 7
11 7
11 7
10 7
10 7
10 7
10 7
10 7
10 7
10 7
10 7
10 7
9 7
9 7
9 7
9 7
8 7
8 7
8 7
8 7
8 7
8 7
8 7
8 7
8 7
8 7
7 7
7 7
7 7
7 7
7 7
6 7
sale
15 7
15 7
15 7
14 7
14 7
14 7
14 7
14 7
14 7
13 7
13 7
13 7
12 7
12 7
12 7
12 7
12 7
12 7
11 7
11 7
11 7
11 7
10 7
10 7
10 7
10 7
10 7
10 7
10 7
10 7
10 7
9 7
9 7
9 7
9 7
8 7
8 7
8 7
8 7
8 7
8 7
8 7
8 7
8 7
8 7
7 7
7 7
7 7
7 7
7 7
7 7
6 7
sale
15 14
15 14
15 14
14 14
14 14
14 14
14 14
14 14
14 14
13 14
sale
15 5
15 5
15 5
14 5
14 5
14 5
14 5
14 5
14 5
14 5
13 5
13 5
13 5
12 5
12 5
12 5
12 5
12 5
12 5
11 5
11 5
11 5
11 5
10 5
10 5
10 5
10 5
10 5
10 5
10 5
10 5
10 5
9 5
9 5
9 5
9 5
8 5
8 5
8 5
8 5
8 5
8 5
8 5
8 5
8 5
8 5
7 5
7 5
7 5
7 5
7 5
7 5
7 5
6 5
6 5
6 5
5 5
5 5
5 5
5 5
4 5
sale
15 3
15 3
15 3
14 3
14 3
14 3
14 3
14 3
14 3
14 3
13 3
13 3
13 3
12 3
12 3
12 3
12 3
12 3
12 3
11 3
11 3
11 3
11 3
10 3
10 3
10 3
10 3
10 3
10 3
10 3
10 3
10 3
9 3
9 3
9 3
9 3
8 3
8 3
8 3
8 3
8 3
8 3
8 3
8 3
8 3
8 3
7 3
7 3
7 3
7 3
7 3
7 3
7 3
6 3
6 3
6 3
5 3
5 3
5 3
5 3
5 3
4 3
4 3
4 3
4 3
4 3
4 3
4 3
4 3
3 3
3 3
3 3
3 3
3 3
2 3
sale
15 1
15 1
15 1
14 1
14 1
14 1
14 1
14 1
14 1
14 1
13 1
13 1
13 1
12 1
12 1
12 1
12 1
12 1
12 1
11 1
11 1
11 1
11 1
10 1
10 1
10 1
10 1
10 1
10 1
10 1
10 1
10 1
9 1
9 1
9 1
9 1
8 1
8 1
8 1
8 1
8 1
8 1
8 1
8 1
8 1
8 1
7 1
7 1
7 1
7 1
7 1
7 1
7 1
6 1
6 1
6 1
5 1
5 1
5 1
5 1
5 1
4 1
4 1
4 1
4 1
4 1
4 1
4 1
4 1
3 1
3 1
3 1
3 1
3 1
3 1
2 1
2 1
2 1
2 1
1 1
1 1
1 1
15 15
15 15
15 15
14 15
sale
15 12
15 12
15 12
15 12
14 12
14 12
14 12
14 12
14 12
14 12
14 12
13 12
13 12
13 12
12 12
12 12
12 12
12 12
12 12
12 12
11 12
sale
15 5
15 5
15 5
15 5
14 5
14 5
14 5
14 5
14 5
14 5
14 5
13 5
13 5
13 5
12 5
12 5
12 5
12 5
12 5
12 5
12 5
11 5
11 5
11 5
11 5
10 5
10 5
10 5
10 5
10 5
10 5
10 5
10 5
10 5
9 5
9 5
9 5
9 5
8 5
8 5
8 5
8 5
8 5
8 5
8 5
8 5
8 5
8 5
7 5
7 5
7 5
7 5
7 5
7 5
7 5
6 5
6 5
6 5
5 5
5 5
5 5
5 5
5 5
4 5
sale
15 2
15 2
15 2
15 2
14 2
14 2
14 2
14 2
14 2
14 2
14 2
13 2
13 2
13 2
12 2
12 2
12 2
12 2
12 2
12 2
12 2
11 2
11 2
11 2
11 2
10 2
10 2
10 2
10 2
10 2
10 2
10 2
10 2
10 2
9 2
9 2
9 2
9 2
8 2
8 2
8 2
8 2
8 2
8 2
8 2
8 2
8 2
8 2
7 2
7 2
7 2
7 2
7 2
7 2
7 2
6 2
6 2
6 2
5 2
5 2
5 2
5 2
5 2
5 2
4 2
4 2
4 2
4 2
4 2
4 2
4 2
4 2
3 2
3 2
3 2
3 2
3 2
3 2
2 2
2 2
2 2
2 2
1 2
sale
15 15
15 15
15 15
15 15
14 15
sale
15 11
15 11
15 11
15 11
15 11
14 11
14 11
14 11
14 11
14 11
14 11
14 11
13 11
13 11
13 11
12 11
12 11
12 11
12 11
12 11
12 11
12 11
11 11
11 11
11 11
11 11
10 11
sale
15 15
15 15
15 15
15 15
15 15
14 15
sale
15 10
15 10
15 10
15 10
15 10
15 10
14 10
14 10
14 10
14 10
14 10
14 10
14 10
13 10
13 10
13 10
12 10
12 10
12 10
12 10
12 10
12 10
12 10
11 10
11 10
11 10
11 10
11 10
10 10
10 10
10 10
10 10
10 10
10 10
10 10
10 10
10 10
9 10
sale
15 5
15 5
15 5
15 5
15 5
15 5
14 5
14 5
14 5
14 5
14 5
14 5
14 5
13 5
13 5
13 5
12 5
12 5
12 5
12 5
12 5
12 5
12 5
11 5
11 5
11 5
11 5
11 5
10 5
10 5
10 5
10 5
10 5
10 5
10 5
10 5
10 5
10 5
9 5
9 5
9 5
9 5
8 5
8 5
8 5
8 5
8 5
8 5
8 5
8 5
8 5
8 5
7 5
7 5
7 5
7 5
7 5
7 5
7 5
6 5
6 5
6 5
5 5
5 5
5 5
5 5
5 5
5 5
4 5
sale
15 7
15 7
15 7
15 7
15 7
15 7
14 7
14 7
14 7
14 7
14 7
14 7
14 7
13 7
13 7
13 7
12 7
12 7
12 7
12 7
12 7
12 7
12 7
11 7
11 7
11 7
11 7
11 7
10 7
10 7
10 7
10 7
10 7
10 7
10 7
10 7
10 7
10 7
9 7
9 7
9 7
9 7
8 7
8 7
8 7
8 7
8 7
8 7
8 7
8 7
8 7
8 7
7 7
7 7
7 7
7 7
7 7
7 7
7 7
6 7
sale
15 3
15 3
15 3
15 3
15 3
15 3
14 3
14 3
14 3
14 3
14 3
14 3
14 3
13 3
13 3
13 3
12 3
12 3
12 3
12 3
12 3
12 3
12 3
11 3
11 3
11 3
11 3
11 3
10 3
10 3
10 3
10 3
10 3
10 3
10 3
10 3
10 3
10 3
9 3
9 3
9 3
9 3
8 3
8 3
8 3
8 3
8 3
8 3
8 3
8 3
8 3
8 3
7 3
7 3
7 3
7 3
7 3
7 3
7 3
7 3
6 3
6 3
6 3
5 3
5 3
5 3
5 3
5 3
5 3
5 3
4 3
4 3
4 3
4 3
4 3
4 3
4 3
4 3
3 3
3 3
3 3
3 3
3 3
3 3
2 3
sale
15 1
15 1
15 1
15 1
15 1
15 1
14 1
14 1
14 1
14 1
14 1
14 1
14 1
13 1
13 1
13 1
12 1
12 1
12 1
12 1
12 1
12 1
12 1
11 1
11 1
11 1
11 1
11 1
10 1
10 1
10 1
10 1
10 1
10 1
10 1
10 1
10 1
10 1
9 1
9 1
9 1
9 1
8 1
8 1
8 1
8 1
8 1
8 1
8 1
8 1
8 1
8 1
7 1
7 1
7 1
7 1
7 1
7 1
7 1
7 1
6 1
6 1
6 1
5 1
5 1
5 1
5 1
5 1
5 1
5 1
4 1
4 1
4 1
4 1
4 1
4 1
4 1
4 1
3 1
3 1
3 1
3 1
3 1
3 1
3 1
2 1
2 1
2 1
2 1
2 1
1 1
1 1
1 1
1 1
15 5
15 5
15 5
15 5
15 5
15 5
14 5
14 5
14 5
14 5
14 5
14 5
14 5
13 5
13 5
13 5
12 5
12 5
12 5
12 5
12 5
12 5
12 5
11 5
11 5
11 5
11 5
11 5
10 5
10 5
10 5
10 5
10 5
10 5
10 5
10 5
10 5
10 5
9 5
9 5
9 5
9 5
8 5
8 5
8 5
8 5
8 5
8 5
8 5
8 5
8 5
8 5
7 5
7 5
7 5
7 5
7 5
7 5
7 5
7 5
6 5
6 5
6 5
5 5
5 5
5 5
5 5
5 5
5 5
5 5
4 5
sale
15 14
15 14
15 14
15 14
15 14
15 14
14 14
14 14
14 14
14 14
14 14
14 14
14 14
13 14
sale
15 4
15 4
15 4
15 4
15 4
15 4
14 4
14 4
14 4
14 4
14 4
14 4
14 4
14 4
13 4
13 4
13 4
12 4
12 4
12 4
12 4
12 4
12 4
12 4
11 4
11 4
11 4
11 4
11 4
10 4
10 4
10 4
10 4
10 4
10 4
10 4
10 4
10 4
10 4
9 4
9 4
9 4
9 4
8 4
8 4
8 4
8 4
8 4
8 4
8 4
8 4
8 4
8 4
7 4
7 4
7 4
7 4
7 4
7 4
7 4
7 4
6 4
6 4
6 4
5 4
5 4
5 4
5 4
5 4
5 4
5 4
5 4
4 4
4 4
4 4
4 4
4 4
4 4
4 4
4 4
3 4
sale
15 12
15 12
15 12
15 12
15 12
15 12
14 12
14 12
14 12
14 12
14 12
14 12
14 12
14 12
13 12
13 12
13 12
12 12
12 12
12 12
12 12
12 12
12 12
12 12
11 12
sale
15 14
15 14
15 14
15 14
15 14
15 14
14 14
14 14
14 14
14 14
14 14
14 14
14 14
14 14
13 14
sale
15 1
15 1
15 1
15 1
15 1
15 1
14 1
14 1
14 1
14 1
14 1
14 1
14 1
14 1
14 1
13 1
13 1
13 1
12 1
12 1
12 1
12 1
12 1
12 1
12 1
12 1
11 1
11 1
11 1
11 1
11 1
10 1
10 1
10 1
10 1
10 1
10 1
10 1
10 1
10 1
10 1
9 1
9 1
9 1
9 1
8 1
8 1
8 1
8 1
8 1
8 1
8 1
8 1
8 1
8 1
7 1
7 1
7 1
7 1
7 1
7 1
7 1
7 1
6 1
6 1
6 1
5 1
5 1
5 1
5 1
5 1
5 1
5 1
5 1
4 1
4 1
4 1
4 1
4 1
4 1
4 1
4 1
4 1
3 1
3 1
3 1
3 1
3 1
3 1
3 1
2 1
2 1
2 1
2 1
2 1
1 1
1 1
1 1
1 1
1 1
1. (15, 19)
2. (15, 42)
3. (15, 49)
4. (15, 43)
5. (15, 22)
6. (15, 34)
7. (14, 35)
8. (14, 9)
9. (14, 19)
10. (14, 15)
11. (14, 21)
12. (14, 14)
13. (14, 32)
14. (14, 27)
15. (14, 35)
16. (13, 26)
17. (13, 11)
18. (13, 41)
19. (12, 36)
20. (12, 24)
21. (12, 35)
22. (12, 11)
23. (12, 38)
24. (12, 17)
25. (12, 43)
26. (12, 47)
27. (11, 29)
28. (11, 34)
29. (11, 34)
30. (11, 4)
31. (11, 10)
32. (10, 48)
33. (10, 1)
34. (10, 13)
35. (10, 11)
36. (10, 2)
37. (10, 8)
38. (10, 31)
39. (10, 35)
40. (10, 9)
41. (10, 11)
42. (9, 5)
43. (9, 48)
44. (9, 37)
45. (9, 4)
46. (8, 41)
47. (8, 16)
48. (8, 29)
49. (8, 43)
50. (8, 39)
51. (8, 5)
52. (8, 27)
53. (8, 36)
54. (8, 37)
55. (8, 13)
56. (7, 18)
57. (7, 48)
58. (7, 17)
59. (7, 6)
60. (7, 47)
61. (7, 6)
62. (7, 23)
63. (7, 5)
64. (6, 34)
65. (6, 15)
66. (6, 44)
67. (5, 47)
68. (5, 23)
69. (5, 8)
70. (5, 23)
71. (5, 22)
72. (5, 15)
73. (5, 16)
74. (5, 5)
75. (4, 50)
76. (4, 3)
77. (4, 2)
78. (4, 46)
79. (4, 9)
80. (4, 23)
81. (4, 6)
82. (4, 47)
83. (4, 26)
84. (3, 42)
85. (3, 3)
86. (3, 14)
87. (3, 38)
88. (3, 26)
89. (3, 30)
90. (3, 23)
91. (2, 48)
92. (2, 27)
93. (2, 6)
94. (2, 18)
95. (2, 17)
96. (1, 27)
97. (1, 15)
98. (1, 12)
99. (1, 14)
100. (1, 48)
101. (1, 48)
